{
  initial_cov_aa: 0.06,
  initial_cov_xx: 0.01,
  initial_cov_yy: 0.02,
  initial_pose_a: -3.1376983029016334,
  initial_pose_x: 0.20585663,
  initial_pose_y: -5.16659802
}
