{
  initial_cov_aa: 0.02,
  initial_cov_xx: 0.01,
  initial_cov_yy: 0.01,
  initial_pose_a: 1.3809099103162816,
  initial_pose_x: 2.9250498135,
  initial_pose_y: -0.778618743701
}
