{
  initial_cov_aa: 0.02,
  initial_cov_xx: 0.01,
  initial_cov_yy: 0.01,
  initial_pose_a: 1.4380000000000002,
  initial_pose_x: 2.84957364,
  initial_pose_y: -0.12563052
}
