{
  initial_cov_aa: 0.06,
  initial_cov_xx: 0.01,
  initial_cov_yy: 0.02,
  initial_pose_a: -3.109399561558669,
  initial_pose_x: 1.21599735,
  initial_pose_y: 4.6947104
}
