{
  initial_cov_aa: 0.06,
  initial_cov_xx: 0.01,
  initial_cov_yy: 0.02,
  initial_pose_a: 3.0117857,
  initial_pose_x: 2.77846813202,
  initial_pose_y: 8.27126312256
}
