{
  initial_cov_aa: 0.02,
  initial_cov_xx: 0.01,
  initial_cov_yy: 0.01,
  initial_pose_a: -3.0953293071795867,
  initial_pose_x: -0.32723024,
  initial_pose_y: -3.82383198
}
