{
  initial_cov_aa: 0.02,
  initial_cov_xx: 0.01,
  initial_cov_yy: 0.01,
  initial_pose_a: 3.025856,
  initial_pose_x: -0.118529111147,
  initial_pose_y: 0.113167598844
}
