{
  initial_cov_aa: 0.02,
  initial_cov_xx: 0.01,
  initial_cov_yy: 0.01,
  initial_pose_a: 0.025999999999999995,
  initial_pose_x: -1.9158477,
  initial_pose_y: -4.42307753
}
